inputs: 5000
queries: 50
setup: 0.374298
preproc: 0.349653
compute: 0.393036