inputs: 10000
queries: 1000
setup: 0.366693
preproc: 0.002769
compute: 3.284468