inputs: 10000
queries: 1000
setup: 0.363683
preproc: 0.381374
compute: 2.412433