inputs: 10000
queries: 1000
setup: 0.366233
preproc: 0.002958
compute: 3.132123