inputs: 1000
queries: 10
setup: 0.367221
preproc: 0.308478
compute: 0.316106