inputs: 1000
queries: 10
setup: 0.377502
preproc: 0.003471
compute: 0.330895