inputs: 1000
queries: 10
setup: 0.369037
preproc: 0.002664
compute: 0.329932