inputs: 1000
queries: 10
setup: 0.364064
preproc: 0.002577
compute: 0.345209