inputs: 1000
queries: 10
setup: 0.417262
preproc: 0.002886
compute: 0.381801