inputs: 1000
queries: 10
setup: 0.369567
preproc: 0.312560
compute: 0.320991