inputs: 10000
queries: 1000
setup: 0.340485
preproc: 0.376385
compute: 2.174112