inputs: 1000
queries: 10
setup: 0.374064
preproc: 0.329664
compute: 0.338712