inputs: 10000
queries: 100
setup: 0.380306
preproc: 0.398772
compute: 0.542874