inputs: 1000
queries: 10
setup: 0.372248
preproc: 0.316705
compute: 0.321352