inputs: 1000
queries: 10
setup: 5.775826
preproc: 0.340372
compute: 0.351174