inputs: 1000
queries: 10
setup: 0.373077
preproc: 0.315949
compute: 0.324064