inputs: 10000
queries: 100
setup: 0.381435
preproc: 0.002957
compute: 0.666395