inputs: 1000
queries: 10
setup: 5.606674
preproc: 0.318324
compute: 0.322298