inputs: 10000
queries: 100
setup: 0.370117
preproc: 0.002849
compute: 0.645619