inputs: 10000
queries: 100
setup: 0.367104
preproc: 0.002851
compute: 0.643735