inputs: 10000
queries: 100
setup: 0.367284
preproc: 0.002752
compute: 0.644930