inputs: 10000
queries: 100
setup: 0.367994
preproc: 0.003085
compute: 0.645225