inputs: 1000
queries: 10
setup: 0.374184
preproc: 0.002653
compute: 0.330002