inputs: 1000
queries: 10
setup: 0.328189
preproc: 0.002177
compute: 0.310333