inputs: 1000
queries: 10
setup: 0.367224
preproc: 0.003598
compute: 0.368946