inputs: 1000
queries: 10
setup: 0.829473
preproc: 0.002647
compute: 0.348557