inputs: 1000
queries: 10
setup: 0.364346
preproc: 0.306550
compute: 0.310018