inputs: 1000
queries: 10
setup: 0.405560
preproc: 0.349805
compute: 0.361799