inputs: 1000
queries: 10
setup: 0.367492
preproc: 0.305811
compute: 0.315492