inputs: 1000
queries: 10
setup: 0.383678
preproc: 0.004056
compute: 0.360420