inputs: 10000
queries: 1000
setup: 0.370787
preproc: 0.002854
compute: 3.187819