inputs: 1000
queries: 10
setup: 0.406518
preproc: 0.006108
compute: 0.371784