inputs: 1000
queries: 10
setup: 0.397343
preproc: 0.002888
compute: 0.354713