inputs: 1000
queries: 10
setup: 0.365303
preproc: 0.002644
compute: 0.329823