inputs: 1000
queries: 10
setup: 5.142022
preproc: 0.308977
compute: 0.316027