inputs: 10000
queries: 1000
setup: 0.386728
preproc: 0.418379
compute: 2.462076