inputs: 1000
queries: 10
setup: 0.365997
preproc: 0.002637
compute: 0.321862