inputs: 1000
queries: 10
setup: 5.014933
preproc: 0.330164
compute: 0.334929