inputs: 1000
queries: 10
setup: 5.549375
preproc: 0.330822
compute: 0.340063