inputs: 10000
queries: 100
setup: 0.386916
preproc: 0.003168
compute: 0.673977