inputs: 5000
queries: 50
setup: 0.389894
preproc: 0.372568
compute: 0.413952