inputs: 1000
queries: 10
setup: 5.035318
preproc: 0.307273
compute: 0.315694