inputs: 5000
queries: 50
setup: 0.376317
preproc: 0.352865
compute: 0.405681