inputs: 10000
queries: 1000
setup: 0.393352
preproc: 0.417507
compute: 2.433897