inputs: 1000
queries: 10
setup: 0.378835
preproc: 0.002671
compute: 0.333650