inputs: 1000
queries: 10
setup: 0.366116
preproc: 0.003272
compute: 0.329497