inputs: 1000
queries: 10
setup: 5.114569
preproc: 0.333689
compute: 0.329860