inputs: 10000
queries: 100
setup: 0.374026
preproc: 0.393929
compute: 0.533637