inputs: 10000
queries: 100
setup: 0.374538
preproc: 0.398627
compute: 0.538362