inputs: 10000
queries: 1000
setup: 0.418665
preproc: 0.431270
compute: 2.515818