inputs: 1000
queries: 10
setup: 5.473478
preproc: 0.354527
compute: 0.375341