inputs: 10000
queries: 1000
setup: 0.387275
preproc: 0.003450
compute: 3.203619