inputs: 10000
queries: 1000
setup: 0.362895
preproc: 0.002705
compute: 3.206040