inputs: 1000
queries: 10
setup: 0.374779
preproc: 0.308926
compute: 0.311910