inputs: 10000
queries: 1000
setup: 0.390686
preproc: 0.003006
compute: 3.231349