inputs: 1000
queries: 10
setup: 0.372264
preproc: 0.003338
compute: 0.325967