inputs: 1000
queries: 10
setup: 0.403456
preproc: 0.341995
compute: 0.359775