inputs: 10000
queries: 1000
setup: 0.378199
preproc: 0.002737
compute: 3.286591