inputs: 1000
queries: 10
setup: 0.376868
preproc: 0.002631
compute: 0.344112