inputs: 1000
queries: 10
setup: 0.394321
preproc: 0.002790
compute: 0.361101