inputs: 1000
queries: 10
setup: 0.399405
preproc: 0.004270
compute: 0.375184