inputs: 1000
queries: 10
setup: 0.410034
preproc: 0.373665
compute: 0.348636