inputs: 1000
queries: 10
setup: 0.363720
preproc: 0.002464
compute: 0.317676