inputs: 1000
queries: 10
setup: 0.384015
preproc: 0.003495
compute: 0.334345