inputs: 1000
queries: 10
setup: 0.369873
preproc: 0.002535
compute: 0.322078