inputs: 1000
queries: 10
setup: 0.386318
preproc: 0.002840
compute: 0.345007