inputs: 1000
queries: 10
setup: 5.209039
preproc: 0.347911
compute: 0.322587