inputs: 1000
queries: 10
setup: 0.376633
preproc: 0.313522
compute: 0.322750