inputs: 1000
queries: 10
setup: 0.404852
preproc: 0.352140
compute: 0.370189