inputs: 1000
queries: 10
setup: 5.100195
preproc: 0.307238
compute: 0.318465