inputs: 1000
queries: 10
setup: 0.372361
preproc: 0.003238
compute: 0.326970