inputs: 1000
queries: 10
setup: 5.017021
preproc: 0.300141
compute: 0.301293