inputs: 1000
queries: 10
setup: 0.381785
preproc: 0.002848
compute: 0.342691