inputs: 10000
queries: 1000
setup: 0.378617
preproc: 0.002943
compute: 3.196554