inputs: 1000
queries: 10
setup: 0.379264
preproc: 0.003271
compute: 0.389684