inputs: 10000
queries: 1000
setup: 0.375729
preproc: 0.002918
compute: 3.139559