inputs: 10000
queries: 1000
setup: 0.373341
preproc: 0.002932
compute: 3.194137