inputs: 1000
queries: 10
setup: 0.834387
preproc: 0.003348
compute: 0.332978