inputs: 10000
queries: 100
setup: 0.387407
preproc: 0.002993
compute: 0.671208