inputs: 1000
queries: 10
setup: 0.824892
preproc: 0.002621
compute: 0.329200