inputs: 5000
queries: 50
setup: 0.374568
preproc: 0.003201
compute: 0.451991