inputs: 10000
queries: 1000
setup: 0.372967
preproc: 0.397139
compute: 2.416007