inputs: 1000
queries: 10
setup: 0.379759
preproc: 0.333616
compute: 0.336183