inputs: 10000
queries: 100
setup: 0.405031
preproc: 0.003167
compute: 0.705806