inputs: 10000
queries: 1000
setup: 0.403584
preproc: 0.436111
compute: 2.538933