inputs: 1000
queries: 10
setup: 0.370696
preproc: 0.002846
compute: 0.331788