inputs: 1000
queries: 10
setup: 0.820886
preproc: 0.003253
compute: 0.327746