inputs: 1000
queries: 10
setup: 0.698208
preproc: 0.002720
compute: 0.359946