inputs: 5000
queries: 50
setup: 0.370522
preproc: 0.002839
compute: 0.441982