inputs: 5000
queries: 50
setup: 0.376723
preproc: 0.002987
compute: 0.446022