inputs: 10000
queries: 1000
setup: 0.364573
preproc: 0.385221
compute: 2.390508