inputs: 5000
queries: 50
setup: 0.371329
preproc: 0.002944
compute: 0.443758