inputs: 1000
queries: 10
setup: 5.477077
preproc: 0.312288
compute: 0.315817