inputs: 1000
queries: 10
setup: 0.408272
preproc: 0.343006
compute: 0.353824