inputs: 1000
queries: 10
setup: 0.365742
preproc: 0.002628
compute: 0.328465