inputs: 10000
queries: 100
setup: 0.363355
preproc: 0.385134
compute: 0.522141