inputs: 1000
queries: 10
setup: 0.360420
preproc: 0.003204
compute: 0.320366