inputs: 1000
queries: 10
setup: 5.697296
preproc: 0.313636
compute: 0.317268