inputs: 1000
queries: 10
setup: 0.369212
preproc: 0.004695
compute: 0.332375