inputs: 10000
queries: 1000
setup: 0.364509
preproc: 0.382882
compute: 2.415504