inputs: 1000
queries: 10
setup: 0.367611
preproc: 0.308376
compute: 0.313615