inputs: 10000
queries: 100
setup: 0.402024
preproc: 0.003021
compute: 0.679368