inputs: 10000
queries: 1000
setup: 0.387887
preproc: 0.003165
compute: 3.176402