inputs: 1000
queries: 10
setup: 0.371563
preproc: 0.003408
compute: 0.337870