inputs: 1000
queries: 10
setup: 0.367444
preproc: 0.303682
compute: 0.331983