inputs: 10000
queries: 1000
setup: 0.367229
preproc: 0.002726
compute: 3.139513