inputs: 1000
queries: 10
setup: 5.145580
preproc: 0.318398
compute: 0.359719