inputs: 1000
queries: 10
setup: 0.377750
preproc: 0.321728
compute: 0.331532