inputs: 1000
queries: 10
setup: 0.381780
preproc: 0.003118
compute: 0.335778