inputs: 10000
queries: 1000
setup: 0.397017
preproc: 0.003143
compute: 3.301382