inputs: 1000
queries: 10
setup: 0.367651
preproc: 0.002814
compute: 0.329914