inputs: 1000
queries: 10
setup: 0.372566
preproc: 0.003718
compute: 0.332689