inputs: 10000
queries: 1000
setup: 0.375454
preproc: 0.400143
compute: 2.447630