inputs: 10000
queries: 100
setup: 0.370536
preproc: 0.390849
compute: 0.529411