inputs: 10000
queries: 100
setup: 0.372231
preproc: 0.002755
compute: 0.664471