inputs: 1000
queries: 10
setup: 0.368307
preproc: 0.004737
compute: 0.324928