inputs: 10000
queries: 100
setup: 0.366628
preproc: 0.382547
compute: 0.520083