inputs: 1000
queries: 10
setup: 0.381091
preproc: 0.321320
compute: 0.328725