inputs: 1000
queries: 10
setup: 0.830768
preproc: 0.309831
compute: 0.317659