inputs: 1000
queries: 10
setup: 0.362810
preproc: 0.002882
compute: 0.320401