inputs: 1000
queries: 10
setup: 0.420942
preproc: 0.003055
compute: 0.363823