inputs: 1000
queries: 10
setup: 0.368922
preproc: 0.002763
compute: 0.324585