inputs: 1000
queries: 10
setup: 0.386300
preproc: 0.329644
compute: 0.335426