inputs: 10000
queries: 100
setup: 0.369140
preproc: 0.002745
compute: 0.643584