inputs: 1000
queries: 10
setup: 0.328545
preproc: 0.003311
compute: 0.310873