inputs: 10000
queries: 100
setup: 0.372732
preproc: 0.003058
compute: 0.657906