inputs: 1000
queries: 10
setup: 5.283967
preproc: 0.305701
compute: 0.309417