inputs: 1000
queries: 10
setup: 0.383077
preproc: 0.002978
compute: 0.344810