inputs: 1000
queries: 10
setup: 5.286445
preproc: 0.360214
compute: 0.370094