inputs: 10000
queries: 1000
setup: 0.365159
preproc: 0.002832
compute: 3.176105