inputs: 10000
queries: 100
setup: 0.374763
preproc: 0.002644
compute: 0.655600