inputs: 1000
queries: 10
setup: 0.374656
preproc: 0.311921
compute: 0.319528