inputs: 10000
queries: 100
setup: 0.380244
preproc: 0.003138
compute: 0.656802