inputs: 10000
queries: 100
setup: 0.376999
preproc: 0.003187
compute: 0.668376