inputs: 5000
queries: 50
setup: 0.367429
preproc: 0.002896
compute: 0.436327