inputs: 10000
queries: 100
setup: 0.383420
preproc: 0.401313
compute: 0.544748