inputs: 10000
queries: 100
setup: 0.375547
preproc: 0.387945
compute: 0.527442