inputs: 10000
queries: 100
setup: 0.366520
preproc: 0.002887
compute: 0.648741