inputs: 1000
queries: 10
setup: 5.101257
preproc: 0.323471
compute: 0.327948