inputs: 1000
queries: 10
setup: 0.372585
preproc: 0.002738
compute: 0.348262