inputs: 1000
queries: 10
setup: 0.372951
preproc: 0.002826
compute: 0.329471