inputs: 10000
queries: 100
setup: 0.387557
preproc: 0.002929
compute: 0.680674