inputs: 10000
queries: 100
setup: 0.380647
preproc: 0.397223
compute: 0.533597