inputs: 1000
queries: 10
setup: 0.369582
preproc: 0.003736
compute: 0.330319