inputs: 1000
queries: 10
setup: 0.408155
preproc: 0.343909
compute: 0.358972