inputs: 1000
queries: 10
setup: 0.371451
preproc: 0.002676
compute: 0.324813