inputs: 1000
queries: 10
setup: 5.254061
preproc: 0.362119
compute: 0.371834