inputs: 1000
queries: 10
setup: 0.369847
preproc: 0.093738
compute: 0.337495