inputs: 1000
queries: 10
setup: 0.335158
preproc: 0.002225
compute: 0.306251