inputs: 1000
queries: 10
setup: 0.333259
preproc: 0.291763
compute: 0.304833