inputs: 10000
queries: 1000
setup: 0.368097
preproc: 0.383281
compute: 2.434260