inputs: 1000
queries: 10
setup: 0.371920
preproc: 0.002558
compute: 0.331831