inputs: 10000
queries: 100
setup: 0.366193
preproc: 0.002810
compute: 0.650352