inputs: 1000
queries: 10
setup: 4.933672
preproc: 0.310637
compute: 0.317635