inputs: 1000
queries: 10
setup: 0.376721
preproc: 0.003082
compute: 0.342368