inputs: 10000
queries: 100
setup: 0.329155
preproc: 0.002521
compute: 0.580491