inputs: 1000
queries: 10
setup: 0.363756
preproc: 0.308936
compute: 0.309317