inputs: 1000
queries: 10
setup: 0.391565
preproc: 0.002896
compute: 0.357332