inputs: 1000
queries: 10
setup: 0.362652
preproc: 0.002588
compute: 0.323713