inputs: 10000
queries: 1000
setup: 0.367609
preproc: 0.387099
compute: 2.427865