inputs: 1000
queries: 10
setup: 0.407479
preproc: 0.002985
compute: 0.395055