inputs: 1000
queries: 10
setup: 0.380344
preproc: 0.003590
compute: 0.335141