inputs: 5000
queries: 50
setup: 0.364906
preproc: 0.348895
compute: 0.388524