inputs: 10000
queries: 1000
setup: 0.374210
preproc: 0.402422
compute: 2.442858