inputs: 1000
queries: 10
setup: 5.743501
preproc: 0.315550
compute: 0.324628