inputs: 1000
queries: 10
setup: 0.410633
preproc: 0.003163
compute: 0.373088