inputs: 1000
queries: 10
setup: 0.378059
preproc: 0.002846
compute: 0.332543