inputs: 1000
queries: 10
setup: 0.376049
preproc: 0.003114
compute: 0.324759