inputs: 10000
queries: 1000
setup: 0.365276
preproc: 0.382910
compute: 2.428896