inputs: 10000
queries: 100
setup: 0.398849
preproc: 0.428350
compute: 0.572885