inputs: 1000
queries: 10
setup: 0.370112
preproc: 0.002680
compute: 0.340087