inputs: 1000
queries: 10
setup: 0.372614
preproc: 0.002645
compute: 0.329544