inputs: 10000
queries: 100
setup: 0.332022
preproc: 0.375083
compute: 0.480931