inputs: 1000
queries: 10
setup: 0.377698
preproc: 0.003027
compute: 0.342802