inputs: 1000
queries: 10
setup: 0.364457
preproc: 0.002583
compute: 0.318130