inputs: 1000
queries: 10
setup: 0.378712
preproc: 0.003486
compute: 0.346837