inputs: 10000
queries: 100
setup: 0.369763
preproc: 0.002842
compute: 0.653833