inputs: 10000
queries: 1000
setup: 0.366075
preproc: 0.002823
compute: 3.177188