inputs: 1000
queries: 10
setup: 4.954036
preproc: 0.316499
compute: 0.319251