inputs: 1000
queries: 10
setup: 0.832172
preproc: 0.003544
compute: 0.337362