inputs: 10000
queries: 100
setup: 0.377244
preproc: 0.002855
compute: 0.641404