inputs: 1000
queries: 10
setup: 4.872056
preproc: 0.310287
compute: 0.315526