inputs: 1000
queries: 10
setup: 0.403332
preproc: 0.348248
compute: 0.349221