inputs: 10000
queries: 100
setup: 0.362787
preproc: 0.002851
compute: 0.641221