inputs: 1000
queries: 10
setup: 0.686839
preproc: 0.002549
compute: 0.322429