inputs: 1000
queries: 10
setup: 0.373798
preproc: 0.002989
compute: 0.330456