inputs: 1000
queries: 10
setup: 0.382265
preproc: 0.002859
compute: 0.340998