inputs: 1000
queries: 10
setup: 0.371840
preproc: 0.003811
compute: 0.325142