inputs: 10000
queries: 1000
setup: 0.362675
preproc: 0.002765
compute: 3.275733