inputs: 1000
queries: 10
setup: 5.040852
preproc: 0.331407
compute: 0.330605