inputs: 10000
queries: 100
setup: 0.363759
preproc: 0.002688
compute: 0.643879