inputs: 1000
queries: 10
setup: 5.487427
preproc: 0.319632
compute: 0.330689