inputs: 5000
queries: 50
setup: 0.366862
preproc: 0.002818
compute: 0.436070