inputs: 10000
queries: 100
setup: 0.364733
preproc: 0.002777
compute: 0.642791