inputs: 1000
queries: 10
setup: 0.368770
preproc: 0.315389
compute: 0.317363