inputs: 10000
queries: 100
setup: 0.366128
preproc: 0.388680
compute: 0.526471