inputs: 5000
queries: 50
setup: 0.395151
preproc: 0.384278
compute: 0.447400