inputs: 1000
queries: 10
setup: 0.398599
preproc: 0.003762
compute: 0.370604