inputs: 10000
queries: 100
setup: 0.371367
preproc: 0.003131
compute: 0.655849