inputs: 1000
queries: 10
setup: 0.383260
preproc: 0.320884
compute: 0.323725