inputs: 1000
queries: 10
setup: 0.362912
preproc: 0.002553
compute: 0.324588