inputs: 10000
queries: 100
setup: 0.372082
preproc: 0.393684
compute: 0.523733