inputs: 5000
queries: 50
setup: 0.376409
preproc: 0.003119
compute: 0.450060