inputs: 1000
queries: 10
setup: 5.033072
preproc: 0.322235
compute: 0.321772