inputs: 1000
queries: 10
setup: 0.365600
preproc: 0.002656
compute: 0.320423