inputs: 1000
queries: 10
setup: 0.367384
preproc: 0.312474
compute: 0.315354