inputs: 5000
queries: 50
setup: 0.371817
preproc: 0.003041
compute: 0.440718