inputs: 1000
queries: 10
setup: 5.197955
preproc: 0.311380
compute: 0.312546