inputs: 1000
queries: 10
setup: 0.365769
preproc: 0.307659
compute: 0.324977