inputs: 10000
queries: 100
setup: 0.367967
preproc: 0.391396
compute: 0.529866