inputs: 5000
queries: 50
setup: 0.366781
preproc: 0.338482
compute: 0.379895