inputs: 1000
queries: 10
setup: 0.377424
preproc: 0.002757
compute: 0.334177