inputs: 1000
queries: 10
setup: 0.376877
preproc: 0.002732
compute: 0.335263