inputs: 10000
queries: 100
setup: 0.400854
preproc: 0.426881
compute: 0.571546