inputs: 1000
queries: 10
setup: 0.402112
preproc: 0.003154
compute: 0.373436