inputs: 1000
queries: 10
setup: 0.374661
preproc: 0.003842
compute: 0.333961