inputs: 5000
queries: 50
setup: 0.366264
preproc: 0.002675
compute: 0.441102