inputs: 10000
queries: 1000
setup: 0.383231
preproc: 0.002909
compute: 3.210165