inputs: 1000
queries: 10
setup: 0.377887
preproc: 0.333075
compute: 0.325707