inputs: 10000
queries: 1000
setup: 0.373630
preproc: 0.398575
compute: 2.462243