inputs: 10000
queries: 100
setup: 0.376684
preproc: 0.395051
compute: 0.540246