inputs: 1000
queries: 10
setup: 0.831567
preproc: 0.003254
compute: 0.335600