inputs: 10000
queries: 1000
setup: 0.402808
preproc: 0.395447
compute: 2.468311