inputs: 10000
queries: 100
setup: 0.403631
preproc: 0.435606
compute: 0.583608