inputs: 10000
queries: 100
setup: 0.364562
preproc: 0.385074
compute: 0.522383