inputs: 1000
queries: 10
setup: 0.377225
preproc: 0.002889
compute: 0.328441