inputs: 1000
queries: 10
setup: 0.374110
preproc: 0.002752
compute: 0.333968