inputs: 1000
queries: 10
setup: 0.379009
preproc: 0.318548
compute: 0.307088