inputs: 1000
queries: 10
setup: 0.366987
preproc: 0.309227
compute: 0.311743