inputs: 1000
queries: 10
setup: 0.383367
preproc: 0.002855
compute: 0.324007