inputs: 10000
queries: 100
setup: 0.367093
preproc: 0.385509
compute: 0.528309