inputs: 1000
queries: 10
setup: 0.358934
preproc: 0.313252
compute: 0.316293