inputs: 10000
queries: 100
setup: 0.391821
preproc: 0.405384
compute: 0.530876