inputs: 1000
queries: 10
setup: 0.382705
preproc: 0.003778
compute: 0.332878