inputs: 1000
queries: 10
setup: 0.398017
preproc: 0.003076
compute: 0.360402