inputs: 10000
queries: 1000
setup: 0.337791
preproc: 0.377369
compute: 2.170000