inputs: 1000
queries: 10
setup: 5.762317
preproc: 0.329537
compute: 0.335932