inputs: 10000
queries: 1000
setup: 0.418491
preproc: 0.402174
compute: 2.490673