inputs: 10000
queries: 100
setup: 0.346510
preproc: 0.385816
compute: 0.513294