inputs: 1000
queries: 10
setup: 5.307131
preproc: 0.304951
compute: 0.313919