inputs: 10000
queries: 1000
setup: 0.376636
preproc: 0.003000
compute: 3.166565