inputs: 10000
queries: 1000
setup: 0.357541
preproc: 0.388040
compute: 2.150663