inputs: 1000
queries: 10
setup: 0.390015
preproc: 0.332168
compute: 0.349201