inputs: 1000
queries: 10
setup: 5.509341
preproc: 0.329040
compute: 0.328404