inputs: 1000
queries: 10
setup: 0.371480
preproc: 0.003845
compute: 0.343011