inputs: 1000
queries: 10
setup: 0.391478
preproc: 0.321640
compute: 0.328063