inputs: 1000
queries: 10
setup: 6.217105
preproc: 0.317492
compute: 0.321074