inputs: 1000
queries: 10
setup: 0.372117
preproc: 0.321985
compute: 0.336473