inputs: 1000
queries: 10
setup: 0.351878
preproc: 0.002287
compute: 0.325658