inputs: 1000
queries: 10
setup: 0.370496
preproc: 0.002775
compute: 0.328212