inputs: 1000
queries: 10
setup: 0.372132
preproc: 0.002847
compute: 0.337012