inputs: 1000
queries: 10
setup: 0.382900
preproc: 0.315147
compute: 0.341501