inputs: 5000
queries: 50
setup: 0.404905
preproc: 0.003371
compute: 0.480295