inputs: 10000
queries: 1000
setup: 0.344392
preproc: 0.002788
compute: 2.696863