inputs: 1000
queries: 10
setup: 0.373704
preproc: 0.311647
compute: 0.317382