inputs: 1000
queries: 10
setup: 0.374181
preproc: 1.098423
compute: 0.314305