inputs: 1000
queries: 10
setup: 0.831401
preproc: 0.004137
compute: 0.323244