inputs: 5000
queries: 50
setup: 0.348396
preproc: 0.321161
compute: 0.328051