inputs: 10000
queries: 100
setup: 0.334095
preproc: 0.002605
compute: 0.588959