inputs: 10000
queries: 100
setup: 0.362617
preproc: 0.364269
compute: 0.336613