inputs: 1000
queries: 10
setup: 0.382196
preproc: 0.324563
compute: 0.328157