inputs: 1000
queries: 10
setup: 0.396607
preproc: 0.003580
compute: 0.337293