inputs: 1000
queries: 10
setup: 0.403872
preproc: 0.348550
compute: 0.380356