inputs: 1000
queries: 10
setup: 0.374117
preproc: 1.112163
compute: 0.305184