inputs: 5000
queries: 50
setup: 0.369314
preproc: 0.002941
compute: 0.434728