inputs: 1000
queries: 10
setup: 0.369370
preproc: 0.320457
compute: 0.314583