inputs: 1000
queries: 10
setup: 0.458276
preproc: 0.315916
compute: 0.315858