inputs: 10000
queries: 1000
setup: 0.339697
preproc: 0.002560
compute: 3.021751