inputs: 1000
queries: 10
setup: 0.424698
preproc: 0.003985
compute: 0.392277