inputs: 1000
queries: 10
setup: 0.426682
preproc: 0.342140
compute: 0.366014