inputs: 10000
queries: 1000
setup: 0.395330
preproc: 0.003095
compute: 3.288268