inputs: 10000
queries: 1000
setup: 0.375304
preproc: 0.002969
compute: 3.186916