inputs: 1000
queries: 10
setup: 0.346015
preproc: 0.003201
compute: 0.327536