inputs: 10000
queries: 100
setup: 0.372441
preproc: 0.003031
compute: 0.660532