inputs: 1000
queries: 10
setup: 0.828322
preproc: 0.003740
compute: 0.336588