inputs: 1000
queries: 10
setup: 0.342287
preproc: 0.303086
compute: 0.305115