inputs: 1000
queries: 10
setup: 0.383763
preproc: 0.003153
compute: 0.337576