inputs: 1000
queries: 10
setup: 0.378925
preproc: 0.322009
compute: 0.347653