inputs: 10000
queries: 100
setup: 0.383764
preproc: 0.390853
compute: 0.532131