inputs: 1000
queries: 10
setup: 0.380018
preproc: 0.002830
compute: 0.336278