inputs: 10000
queries: 100
setup: 0.373596
preproc: 0.394047
compute: 0.527412