inputs: 1000
queries: 10
setup: 0.401338
preproc: 0.351314
compute: 0.379936