inputs: 1000
queries: 10
setup: 0.367856
preproc: 0.315190
compute: 0.305419