inputs: 1000
queries: 10
setup: 0.367193
preproc: 0.002743
compute: 0.323313