inputs: 1000
queries: 10
setup: 0.382183
preproc: 0.317122
compute: 0.329566