inputs: 5000
queries: 50
setup: 0.348724
preproc: 0.333173
compute: 0.333436