inputs: 1000
queries: 10
setup: 0.368567
preproc: 0.002880
compute: 0.320047