inputs: 1000
queries: 10
setup: 0.334887
preproc: 0.002267
compute: 0.315967