inputs: 10000
queries: 1000
setup: 0.379353
preproc: 0.394251
compute: 2.477713