inputs: 1000
queries: 10
setup: 0.349277
preproc: 0.002493
compute: 0.313897