inputs: 10000
queries: 1000
setup: 0.381909
preproc: 0.410681
compute: 2.479219