inputs: 10000
queries: 1000
setup: 0.377009
preproc: 0.391882
compute: 2.403962