inputs: 10000
queries: 1000
setup: 0.382038
preproc: 0.003350
compute: 3.220506