inputs: 1000
queries: 10
setup: 5.044081
preproc: 0.324330
compute: 0.327824