inputs: 1000
queries: 10
setup: 0.374705
preproc: 0.326047
compute: 0.330690