inputs: 5000
queries: 50
setup: 0.370438
preproc: 0.349209
compute: 0.392818