inputs: 10000
queries: 100
setup: 0.382724
preproc: 0.403674
compute: 0.542609