inputs: 1000
queries: 10
setup: 0.366938
preproc: 0.307611
compute: 0.311856