inputs: 1000
queries: 10
setup: 0.359890
preproc: 0.319317
compute: 0.337189