inputs: 5000
queries: 50
setup: 0.377305
preproc: 0.351000
compute: 0.408055