inputs: 1000
queries: 10
setup: 0.350411
preproc: 0.310536
compute: 0.315032