inputs: 1000
queries: 10
setup: 5.148091
preproc: 0.323399
compute: 0.315882