inputs: 5000
queries: 50
setup: 0.403778
preproc: 0.390253
compute: 0.446606