inputs: 1000
queries: 10
setup: 0.379717
preproc: 0.002948
compute: 0.329889