inputs: 10000
queries: 100
setup: 0.378387
preproc: 0.003076
compute: 0.663318