inputs: 10000
queries: 1000
setup: 0.349310
preproc: 0.376287
compute: 2.146236