inputs: 10000
queries: 100
setup: 0.375098
preproc: 0.391525
compute: 0.532770