inputs: 5000
queries: 50
setup: 0.405521
preproc: 0.003248
compute: 0.471027