inputs: 1000
queries: 10
setup: 0.372886
preproc: 0.314833
compute: 0.318495