inputs: 1000
queries: 10
setup: 0.378313
preproc: 0.002910
compute: 0.334205