inputs: 1000
queries: 10
setup: 0.433052
preproc: 0.343166
compute: 0.347979