inputs: 1000
queries: 10
setup: 0.370620
preproc: 0.318354
compute: 0.308535