inputs: 10000
queries: 1000
setup: 0.352603
preproc: 0.380197
compute: 2.228859