inputs: 1000
queries: 10
setup: 0.799220
preproc: 0.003105
compute: 0.319690