inputs: 10000
queries: 1000
setup: 0.345091
preproc: 0.414015
compute: 0.527768