inputs: 1000
queries: 10
setup: 0.345276
preproc: 0.320873
compute: 0.465433