inputs: 1000
queries: 10
setup: 0.381322
preproc: 0.320951
compute: 0.318222