inputs: 1000
queries: 10
setup: 0.382147
preproc: 0.003858
compute: 0.345958