inputs: 1000
queries: 10
setup: 0.376085
preproc: 0.002761
compute: 0.342092