inputs: 1000
queries: 10
setup: 0.375324
preproc: 0.320170
compute: 0.323540