inputs: 10000
queries: 100
setup: 0.335945
preproc: 0.002607
compute: 0.606689