inputs: 5000
queries: 50
setup: 0.372013
preproc: 0.349824
compute: 0.394075