inputs: 1000
queries: 10
setup: 0.384413
preproc: 0.335696
compute: 0.335009