inputs: 10000
queries: 1000
setup: 0.373745
preproc: 0.396257
compute: 2.417929