inputs: 1000
queries: 10
setup: 0.404432
preproc: 0.004333
compute: 0.368791