inputs: 5000
queries: 50
setup: 0.348174
preproc: 0.002602
compute: 0.424302