inputs: 5000
queries: 50
setup: 0.374379
preproc: 0.345028
compute: 0.394060