inputs: 1000
queries: 10
setup: 0.380079
preproc: 0.325988
compute: 0.321507