inputs: 10000
queries: 100
setup: 0.405250
preproc: 0.415078
compute: 0.563461