inputs: 1000
queries: 10
setup: 0.405138
preproc: 0.335250
compute: 0.333403