inputs: 10000
queries: 100
setup: 0.382620
preproc: 0.393688
compute: 0.537640