inputs: 1000
queries: 10
setup: 0.375670
preproc: 0.311023
compute: 0.317254