inputs: 10000
queries: 1000
setup: 0.341050
preproc: 0.379738
compute: 2.172983