inputs: 5000
queries: 50
setup: 0.345813
preproc: 0.340813
compute: 0.375302