inputs: 1000
queries: 10
setup: 0.364761
preproc: 0.307756
compute: 0.318802