inputs: 1000
queries: 10
setup: 0.374886
preproc: 0.314089
compute: 0.322557