inputs: 1000
queries: 10
setup: 4.934230
preproc: 0.323819
compute: 0.329427