inputs: 1000
queries: 10
setup: 0.344560
preproc: 0.306715
compute: 0.306401