inputs: 1000
queries: 10
setup: 0.377994
preproc: 0.318217
compute: 0.315975