inputs: 1000
queries: 10
setup: 0.378734
preproc: 0.322449
compute: 0.327085