inputs: 10000
queries: 1000
setup: 0.407838
preproc: 0.003066
compute: 3.226576