inputs: 1000
queries: 10
setup: 0.409407
preproc: 0.367416
compute: 0.345721