inputs: 5000
queries: 50
setup: 0.387327
preproc: 0.003178
compute: 0.442207