inputs: 1000
queries: 10
setup: 0.339440
preproc: 0.307873
compute: 0.307368