inputs: 10000
queries: 100
setup: 0.390498
preproc: 0.003305
compute: 0.655306