inputs: 1000
queries: 10
setup: 0.391073
preproc: 0.331629
compute: 0.332642