inputs: 10000
queries: 1000
setup: 0.387998
preproc: 0.379075
compute: 0.362664