inputs: 1000
queries: 10
setup: 5.122244
preproc: 0.330979
compute: 0.323267