inputs: 10000
queries: 100
setup: 0.383852
preproc: 0.371170
compute: 0.343306