inputs: 5000
queries: 50
setup: 0.385184
preproc: 0.358294
compute: 0.398372