inputs: 1000
queries: 10
setup: 4.648715
preproc: 0.310740
compute: 0.480956