inputs: 1000
queries: 10
setup: 0.400432
preproc: 0.003077
compute: 0.367533