inputs: 1000
queries: 10
setup: 0.372731
preproc: 1.104263
compute: 0.308632