inputs: 10000
queries: 1000
setup: 0.388672
preproc: 0.403149
compute: 2.443802