inputs: 10000
queries: 100
setup: 0.371911
preproc: 0.392911
compute: 0.528980