inputs: 1000
queries: 10
setup: 0.344416
preproc: 0.002300
compute: 0.324603