inputs: 5000
queries: 50
setup: 0.401920
preproc: 0.003007
compute: 0.465965