inputs: 1000
queries: 10
setup: 0.384148
preproc: 0.003131
compute: 0.350187