inputs: 1000
queries: 10
setup: 0.333005
preproc: 0.305393
compute: 0.304425