inputs: 1000
queries: 10
setup: 0.397512
preproc: 0.312429
compute: 0.317967