inputs: 1000
queries: 10
setup: 0.375868
preproc: 0.320728
compute: 0.323489