inputs: 10000
queries: 1000
setup: 0.378221
preproc: 0.405950
compute: 2.410698