inputs: 1000
queries: 10
setup: 0.385329
preproc: 0.005178
compute: 0.357086