inputs: 1000
queries: 10
setup: 0.377341
preproc: 0.320622
compute: 0.317911