inputs: 1000
queries: 10
setup: 0.405360
preproc: 0.003056
compute: 0.370012