inputs: 1000
queries: 10
setup: 0.349648
preproc: 0.319152
compute: 0.306640