inputs: 1000
queries: 10
setup: 0.524471
preproc: 0.318228
compute: 0.327480