inputs: 1000
queries: 10
setup: 0.346301
preproc: 0.300401
compute: 0.322793