inputs: 10000
queries: 100
setup: 0.393383
preproc: 0.397235
compute: 0.527449