inputs: 5000
queries: 50
setup: 0.387892
preproc: 0.371898
compute: 0.419385