inputs: 5000
queries: 50
setup: 0.342819
preproc: 0.334012
compute: 0.376415