inputs: 1000
queries: 10
setup: 0.375302
preproc: 0.312766
compute: 0.315875