inputs: 10000
queries: 100
setup: 0.381528
preproc: 0.394684
compute: 0.530806