inputs: 1000
queries: 10
setup: 0.374622
preproc: 0.002827
compute: 0.333309