inputs: 10000
queries: 1000
setup: 0.403817
preproc: 0.424357
compute: 2.506618