inputs: 10000
queries: 1000
setup: 0.352007
preproc: 0.391936
compute: 2.294553