inputs: 1000
queries: 10
setup: 0.334962
preproc: 0.296146
compute: 0.306510