inputs: 1000
queries: 10
setup: 0.377396
preproc: 0.002803
compute: 0.336221