inputs: 1000
queries: 10
setup: 0.559040
preproc: 0.325900
compute: 0.327897