inputs: 10000
queries: 1000
setup: 0.374655
preproc: 0.394153
compute: 2.422788