inputs: 1000
queries: 10
setup: 0.371976
preproc: 0.004575
compute: 0.344710