inputs: 1000
queries: 10
setup: 5.718740
preproc: 0.311745
compute: 0.315397