inputs: 1000
queries: 10
setup: 0.372703
preproc: 0.311073
compute: 0.317180