inputs: 10000
queries: 1000
setup: 0.373420
preproc: 0.002972
compute: 3.183738