inputs: 10000
queries: 100
setup: 0.380845
preproc: 0.395321
compute: 0.532924