inputs: 10000
queries: 1000
setup: 0.390615
preproc: 0.003256
compute: 3.065375