inputs: 10000
queries: 100
setup: 0.371731
preproc: 0.002974
compute: 0.653282