inputs: 1000
queries: 10
setup: 0.385509
preproc: 0.317954
compute: 0.323914