inputs: 5000
queries: 50
setup: 0.381078
preproc: 0.363215
compute: 0.406107