inputs: 1000
queries: 10
setup: 0.377705
preproc: 0.003552
compute: 0.354465