inputs: 5000
queries: 50
setup: 0.375349
preproc: 0.335842
compute: 0.340791