inputs: 1000
queries: 10
setup: 0.372071
preproc: 0.324432
compute: 0.320786