inputs: 1000
queries: 10
setup: 5.488969
preproc: 0.348765
compute: 0.533688