inputs: 10000
queries: 1000
setup: 0.372464
preproc: 0.392095
compute: 2.420756