inputs: 10000
queries: 1000
setup: 0.370971
preproc: 0.388935
compute: 2.439007