inputs: 1000
queries: 10
setup: 0.385527
preproc: 0.337510
compute: 0.333251