inputs: 1000
queries: 10
setup: 0.388268
preproc: 0.003891
compute: 0.335633