inputs: 1000
queries: 10
setup: 5.135109
preproc: 0.317402
compute: 0.318918