inputs: 10000
queries: 100
setup: 0.377011
preproc: 0.002950
compute: 0.655253