inputs: 10000
queries: 100
setup: 0.381105
preproc: 0.003128
compute: 0.664919