inputs: 1000
queries: 10
setup: 0.334577
preproc: 0.303862
compute: 0.305098