inputs: 1000
queries: 10
setup: 0.376202
preproc: 0.314210
compute: 0.321845