inputs: 5000
queries: 50
setup: 0.379618
preproc: 0.359249
compute: 0.402547