inputs: 1000
queries: 10
setup: 0.380834
preproc: 0.320894
compute: 0.339943