inputs: 5000
queries: 50
setup: 0.387575
preproc: 0.362666
compute: 0.407950