inputs: 10000
queries: 100
setup: 0.374593
preproc: 0.435198
compute: 0.341351