inputs: 10000
queries: 100
setup: 0.350170
preproc: 0.386230
compute: 0.504912