inputs: 1000
queries: 10
setup: 4.356746
preproc: 0.323808
compute: 0.323249