inputs: 5000
queries: 50
setup: 0.372542
preproc: 0.346055
compute: 0.398443