inputs: 5000
queries: 50
setup: 0.376420
preproc: 0.349516
compute: 0.407665