inputs: 10000
queries: 100
setup: 0.354036
preproc: 0.382571
compute: 0.495406