inputs: 5000
queries: 50
setup: 0.383184
preproc: 0.366266
compute: 0.402102