inputs: 5000
queries: 50
setup: 0.380084
preproc: 0.351245
compute: 0.397911