inputs: 1000
queries: 10
setup: 0.380380
preproc: 0.318360
compute: 0.329808