inputs: 1000
queries: 10
setup: 0.344737
preproc: 0.312630
compute: 0.316278