inputs: 10000
queries: 100
setup: 0.373157
preproc: 0.394905
compute: 0.542660