inputs: 1000
queries: 10
setup: 0.368301
preproc: 0.002746
compute: 0.330042