inputs: 1000
queries: 10
setup: 0.346545
preproc: 1.257854
compute: 0.294168