inputs: 10000
queries: 100
setup: 0.388496
preproc: 0.447533
compute: 0.371617