inputs: 10000
queries: 1000
setup: 0.382581
preproc: 0.416480
compute: 2.482392