inputs: 1000
queries: 10
setup: 0.351815
preproc: 0.316896
compute: 0.322230