inputs: 1000
queries: 10
setup: 0.341238
preproc: 0.302321
compute: 0.296344