inputs: 1000
queries: 10
setup: 5.357802
preproc: 0.317195
compute: 0.317402