inputs: 1000
queries: 10
setup: 4.851780
preproc: 0.307346
compute: 0.308616