inputs: 1000
queries: 10
setup: 0.409209
preproc: 0.341902
compute: 0.344604