inputs: 1000
queries: 10
setup: 0.373962
preproc: 1.163093
compute: 0.312191