inputs: 5000
queries: 50
setup: 0.406317
preproc: 0.003148
compute: 0.455897