inputs: 1000
queries: 10
setup: 0.406730
preproc: 0.425560
compute: 0.338865