inputs: 10000
queries: 100
setup: 0.343194
preproc: 0.385179
compute: 0.498327