inputs: 10000
queries: 100
setup: 0.374485
preproc: 0.397138
compute: 0.534375