inputs: 1000
queries: 10
setup: 5.070522
preproc: 0.311400
compute: 0.328551