inputs: 5000
queries: 50
setup: 0.401431
preproc: 0.382571
compute: 0.418475