inputs: 10000
queries: 1000
setup: 0.375678
preproc: 0.401450
compute: 2.336195