inputs: 1000
queries: 10
setup: 0.351401
preproc: 1.103994
compute: 0.311970