inputs: 5000
queries: 50
setup: 0.381272
preproc: 0.355342
compute: 0.399686