inputs: 1000
queries: 10
setup: 0.334192
preproc: 0.016498
compute: 0.324251