inputs: 1000
queries: 10
setup: 0.371911
preproc: 0.313243
compute: 0.313510