inputs: 1000
queries: 10
setup: 0.394843
preproc: 0.344580
compute: 0.340036