inputs: 10000
queries: 1000
setup: 0.373382
preproc: 0.392898
compute: 2.428471