inputs: 10000
queries: 100
setup: 0.345755
preproc: 0.352846
compute: 0.327892