inputs: 10000
queries: 1000
setup: 0.379660
preproc: 0.365247
compute: 0.345112