inputs: 1000
queries: 10
setup: 0.492713
preproc: 0.340460
compute: 0.331144