inputs: 1000
queries: 10
setup: 0.381190
preproc: 0.312312
compute: 0.343167