inputs: 1000
queries: 10
setup: 0.385795
preproc: 0.002964
compute: 0.337239