inputs: 1000
queries: 10
setup: 0.430578
preproc: 0.003252
compute: 0.385556