inputs: 5000
queries: 50
setup: 0.395735
preproc: 0.003279
compute: 0.504257