inputs: 1000
queries: 10
setup: 0.374771
preproc: 0.319975
compute: 0.305648