inputs: 1000
queries: 10
setup: 0.370345
preproc: 0.002765
compute: 0.340972