inputs: 10000
queries: 100
setup: 0.393186
preproc: 0.407985
compute: 0.540704