inputs: 1000
queries: 10
setup: 0.343252
preproc: 0.300400
compute: 0.332298