inputs: 10000
queries: 1000
setup: 0.372792
preproc: 0.402530
compute: 2.415518