inputs: 10000
queries: 100
setup: 0.372997
preproc: 0.003008
compute: 0.655854