inputs: 1000
queries: 10
setup: 0.386629
preproc: 0.004109
compute: 0.331767