inputs: 10000
queries: 100
setup: 0.436227
preproc: 0.440871
compute: 0.587358