inputs: 10000
queries: 100
setup: 0.412587
preproc: 0.462306
compute: 0.615855