inputs: 1000
queries: 10
setup: 0.351197
preproc: 0.312498
compute: 0.317443