inputs: 10000
queries: 1000
setup: 0.374401
preproc: 0.003144
compute: 3.158817