inputs: 1000
queries: 10
setup: 0.711934
preproc: 0.306002
compute: 0.314234