inputs: 1000
queries: 10
setup: 0.380488
preproc: 0.325166
compute: 0.328005