inputs: 10000
queries: 100
setup: 0.379482
preproc: 0.437571
compute: 0.342115