inputs: 10000
queries: 1000
setup: 0.373780
preproc: 23.752032
compute: 0.738590