inputs: 1000
queries: 10
setup: 0.378832
preproc: 0.003088
compute: 0.338215