inputs: 1000
queries: 10
setup: 0.339743
preproc: 0.002167
compute: 0.316472