inputs: 1000
queries: 10
setup: 0.341861
preproc: 0.304645
compute: 0.300850