inputs: 10000
queries: 1000
setup: 0.377305
preproc: 0.002708
compute: 3.230397