inputs: 1000
queries: 10
setup: 0.351108
preproc: 0.002383
compute: 0.324746