inputs: 10000
queries: 1000
setup: 0.373118
preproc: 0.393734
compute: 2.461559