inputs: 5000
queries: 50
setup: 0.377154
preproc: 0.002931
compute: 0.446064