inputs: 1000
queries: 10
setup: 0.389912
preproc: 0.310164
compute: 0.316387