inputs: 1000
queries: 10
setup: 0.376816
preproc: 0.319499
compute: 0.321353