inputs: 1000
queries: 10
setup: 12.761168
preproc: 0.303646
compute: 0.119348