inputs: 1000
queries: 10
setup: 0.346286
preproc: 0.310843
compute: 0.317744