inputs: 1000
queries: 10
setup: 0.347308
preproc: 0.002873
compute: 0.340775