inputs: 5000
queries: 50
setup: 0.375106
preproc: 0.002824
compute: 0.432854