inputs: 1000
queries: 10
setup: 0.373189
preproc: 0.315874
compute: 0.325038