inputs: 10000
queries: 1000
setup: 0.368400
preproc: 0.396942
compute: 2.468168