inputs: 10000
queries: 100
setup: 0.415684
preproc: 0.003196
compute: 0.691859