inputs: 1000
queries: 10
setup: 0.382039
preproc: 0.002843
compute: 0.328579