inputs: 1000
queries: 10
setup: 0.377772
preproc: 0.316652
compute: 0.322107