inputs: 10000
queries: 1000
setup: 0.344563
preproc: 0.002422
compute: 2.955090