inputs: 5000
queries: 50
setup: 0.349451
preproc: 0.337210
compute: 0.373694