inputs: 10000
queries: 1000
setup: 0.372531
preproc: 0.003028
compute: 3.168792