inputs: 1000
queries: 10
setup: 0.378999
preproc: 0.331299
compute: 0.337356