inputs: 1000
queries: 10
setup: 0.329667
preproc: 0.002599
compute: 0.318952