inputs: 10000
queries: 1000
setup: 0.374621
preproc: 0.003182
compute: 3.173033