inputs: 1000
queries: 10
setup: 0.396257
preproc: 0.341141
compute: 0.335423