inputs: 1000
queries: 10
setup: 0.346391
preproc: 0.003217
compute: 0.318671