inputs: 5000
queries: 50
setup: 0.348487
preproc: 0.362929
compute: 0.317580