inputs: 1000
queries: 10
setup: 4.088052
preproc: 0.312768
compute: 0.484091