inputs: 1000
queries: 10
setup: 0.395955
preproc: 0.327297
compute: 0.336957