inputs: 1000
queries: 10
setup: 0.374969
preproc: 0.003600
compute: 0.337996