inputs: 1000
queries: 10
setup: 4.932966
preproc: 0.318870
compute: 0.329861