inputs: 1000
queries: 10
setup: 0.370659
preproc: 0.002841
compute: 0.341911