inputs: 1000
queries: 10
setup: 0.386036
preproc: 0.002853
compute: 0.338580