inputs: 10000
queries: 1000
setup: 0.373508
preproc: 22.107010
compute: 0.760049