inputs: 10000
queries: 100
setup: 0.402923
preproc: 0.003206
compute: 0.696589