inputs: 1000
queries: 10
setup: 0.828871
preproc: 0.003906
compute: 0.329886