inputs: 1000
queries: 10
setup: 0.381802
preproc: 0.324075
compute: 0.326931