inputs: 10000
queries: 100
setup: 0.373476
preproc: 0.392585
compute: 0.530530