inputs: 1000
queries: 10
setup: 5.851629
preproc: 0.330713
compute: 0.383252