inputs: 1000
queries: 10
setup: 0.380985
preproc: 0.003022
compute: 0.343925