inputs: 1000
queries: 10
setup: 0.376045
preproc: 0.316345
compute: 0.324953