inputs: 10000
queries: 1000
setup: 0.370389
preproc: 0.002878
compute: 3.205516