inputs: 10000
queries: 1000
setup: 0.376276
preproc: 0.392495
compute: 2.431964