inputs: 1000
queries: 10
setup: 0.368314
preproc: 0.004168
compute: 0.328755