inputs: 10000
queries: 100
setup: 0.376260
preproc: 0.390972
compute: 0.533358