inputs: 10000
queries: 100
setup: 0.383878
preproc: 23.218482
compute: 0.358813