inputs: 10000
queries: 1000
setup: 0.334098
preproc: 0.375337
compute: 2.189450