inputs: 10000
queries: 100
setup: 0.346282
preproc: 0.377790
compute: 0.493512