inputs: 10000
queries: 1000
setup: 0.374698
preproc: 0.409112
compute: 2.425702