inputs: 1000
queries: 10
setup: 0.393897
preproc: 0.003450
compute: 0.345684