inputs: 1000
queries: 10
setup: 0.372779
preproc: 0.320202
compute: 0.322083