inputs: 1000
queries: 10
setup: 0.389268
preproc: 0.002995
compute: 0.350681