inputs: 10000
queries: 100
setup: 0.379611
preproc: 0.002902
compute: 0.648452