inputs: 10000
queries: 1000
setup: 0.378564
preproc: 0.003074
compute: 3.186783