inputs: 10000
queries: 100
setup: 0.381439
preproc: 0.003090
compute: 0.654781