inputs: 5000
queries: 50
setup: 0.348745
preproc: 0.348298
compute: 0.388187