inputs: 1000
queries: 10
setup: 4.875281
preproc: 0.304665
compute: 0.318141