inputs: 1000
queries: 10
setup: 0.402046
preproc: 0.342655
compute: 0.392631