inputs: 1000
queries: 10
setup: 0.371592
preproc: 0.002759
compute: 0.334813