inputs: 5000
queries: 50
setup: 0.405804
preproc: 0.404061
compute: 0.424493