inputs: 10000
queries: 1000
setup: 0.382701
preproc: 0.414264
compute: 2.437478