inputs: 10000
queries: 1000
setup: 0.350115
preproc: 0.349164
compute: 0.330117