inputs: 1000
queries: 10
setup: 0.420624
preproc: 0.350149
compute: 0.347791