inputs: 1000
queries: 10
setup: 0.383313
preproc: 0.322516
compute: 0.313863