inputs: 10000
queries: 100
setup: 0.370063
preproc: 0.002783
compute: 0.653379