inputs: 1000
queries: 10
setup: 0.374727
preproc: 0.314434
compute: 0.321708