inputs: 1000
queries: 10
setup: 0.394753
preproc: 0.306810
compute: 0.340916