inputs: 10000
queries: 100
setup: 0.352578
preproc: 0.002539
compute: 0.603439