inputs: 1000
queries: 10
setup: 0.378491
preproc: 0.003689
compute: 0.338004