inputs: 1000
queries: 10
setup: 0.345387
preproc: 0.316242
compute: 0.307000