inputs: 1000
queries: 10
setup: 0.387207
preproc: 0.002845
compute: 0.343242