inputs: 10000
queries: 100
setup: 0.373397
preproc: 0.395116
compute: 0.529330