inputs: 1000
queries: 10
setup: 0.379972
preproc: 1.094143
compute: 0.313230