inputs: 1000
queries: 10
setup: 0.376846
preproc: 0.004014
compute: 0.340205