inputs: 10000
queries: 1000
setup: 0.375563
preproc: 0.430926
compute: 0.538233