inputs: 1000
queries: 10
setup: 0.381140
preproc: 1.112006
compute: 0.310682