inputs: 1000
queries: 10
setup: 0.354575
preproc: 0.002530
compute: 0.316583