inputs: 1000
queries: 10
setup: 4.202967
preproc: 0.305336
compute: 0.497118