inputs: 1000
queries: 10
setup: 0.837317
preproc: 0.003600
compute: 0.344408