inputs: 10000
queries: 1000
setup: 0.388777
preproc: 0.501215
compute: 0.603255