inputs: 1000
queries: 10
setup: 0.343229
preproc: 0.002236
compute: 0.317404