inputs: 5000
queries: 50
setup: 0.383412
preproc: 0.341214
compute: 0.347046