inputs: 1000
queries: 10
setup: 0.382354
preproc: 0.331029
compute: 0.339058