inputs: 10000
queries: 100
setup: 0.341457
preproc: 0.416893
compute: 0.332241