inputs: 1000
queries: 10
setup: 0.379421
preproc: 0.003503
compute: 0.341943