inputs: 10000
queries: 100
setup: 0.336643
preproc: 0.382260
compute: 0.501657