inputs: 10000
queries: 100
setup: 0.338169
preproc: 0.377443
compute: 0.497257