inputs: 1000
queries: 10
setup: 0.407372
preproc: 0.346082
compute: 0.351445