inputs: 10000
queries: 1000
setup: 0.412534
preproc: 0.432297
compute: 2.508321