inputs: 1000
queries: 10
setup: 0.372329
preproc: 0.312637
compute: 0.325879