inputs: 1000
queries: 10
setup: 0.390541
preproc: 0.333603
compute: 0.336934