inputs: 1000
queries: 10
setup: 0.376354
preproc: 0.326061
compute: 0.325364