inputs: 10000
queries: 1000
setup: 0.376030
preproc: 0.002939
compute: 3.224761