inputs: 1000
queries: 10
setup: 0.377563
preproc: 0.313316
compute: 0.315303