inputs: 1000
queries: 10
setup: 0.340708
preproc: 0.307549
compute: 0.292933