inputs: 1000
queries: 10
setup: 0.370026
preproc: 0.002757
compute: 0.328752