inputs: 1000
queries: 10
setup: 5.924742
preproc: 0.305166
compute: 0.486740