inputs: 1000
queries: 10
setup: 0.374399
preproc: 0.316398
compute: 0.319415