inputs: 1000
queries: 10
setup: 0.381885
preproc: 0.317016
compute: 0.323629