inputs: 10000
queries: 1000
setup: 0.376579
preproc: 0.399304
compute: 2.418107