inputs: 1000
queries: 10
setup: 0.375196
preproc: 0.002900
compute: 0.332436