inputs: 10000
queries: 100
setup: 0.375761
preproc: 0.003123
compute: 0.657816