inputs: 1000
queries: 10
setup: 0.385592
preproc: 0.324920
compute: 0.324016