inputs: 10000
queries: 1000
setup: 0.354230
preproc: 0.392391
compute: 2.189229