inputs: 1000
queries: 10
setup: 0.339669
preproc: 0.002238
compute: 0.314164