inputs: 10000
queries: 100
setup: 0.376373
preproc: 0.470214
compute: 0.336095