inputs: 1000
queries: 10
setup: 0.345715
preproc: 0.002368
compute: 0.323139