inputs: 10000
queries: 1000
setup: 0.366046
preproc: 0.002846
compute: 3.169769