inputs: 10000
queries: 100
setup: 0.375464
preproc: 0.392019
compute: 0.523256