inputs: 1000
queries: 10
setup: 0.341026
preproc: 1.252621
compute: 0.296275