inputs: 1000
queries: 10
setup: 0.337079
preproc: 0.305964
compute: 0.315377