inputs: 5000
queries: 50
setup: 0.342962
preproc: 0.002481
compute: 0.427707