inputs: 1000
queries: 10
setup: 0.334191
preproc: 0.002884
compute: 0.320515