inputs: 1000
queries: 10
setup: 0.405515
preproc: 0.337976
compute: 0.343693