inputs: 1000
queries: 10
setup: 0.373609
preproc: 0.003870
compute: 0.329401