inputs: 1000
queries: 10
setup: 5.013863
preproc: 0.322139
compute: 0.347329