inputs: 1000
queries: 10
setup: 4.602223
preproc: 0.320509
compute: 0.479917