inputs: 10000
queries: 100
setup: 0.382334
preproc: 0.396146
compute: 0.536320