inputs: 10000
queries: 100
setup: 0.404752
preproc: 0.407972
compute: 0.552745