inputs: 5000
queries: 50
setup: 0.377904
preproc: 0.003000
compute: 0.453863