inputs: 1000
queries: 10
setup: 4.317192
preproc: 0.299641
compute: 0.308699