inputs: 1000
queries: 10
setup: 0.347484
preproc: 1.150056
compute: 0.309086