inputs: 10000
queries: 100
setup: 0.338609
preproc: 0.380249
compute: 0.500253