inputs: 5000
queries: 50
setup: 0.389812
preproc: 0.353985
compute: 0.400459