inputs: 5000
queries: 50
setup: 0.393879
preproc: 0.400437
compute: 0.430296