inputs: 10000
queries: 100
setup: 0.374409
preproc: 0.397103
compute: 0.531065