inputs: 1000
queries: 10
setup: 0.380442
preproc: 0.326417
compute: 0.327824