inputs: 10000
queries: 1000
setup: 0.344697
preproc: 0.002563
compute: 2.941568