inputs: 1000
queries: 10
setup: 0.373065
preproc: 0.002775
compute: 0.326967