inputs: 1000
queries: 10
setup: 5.176477
preproc: 0.369618
compute: 0.356014